10000 137,54 -> 10001 20,39
10000 137,55 -> 10001 20,39
10000 101,45 -> 10005 24,25
10000 102,44 -> 10005 24,25
10000 113,70 -> 10006 15,26
10000 114,71 -> 10006 15,26
10000 119,61 -> 10007 25,25
10000 120,61 -> 10007 25,25
10000 113,37 -> 10008 15,29
10000 113,38 -> 10008 15,29
10000 141,71 -> 10009 23,27
10000 141,72 -> 10009 23,27
10000 146,12 -> 10010 11,88
10000 146,13 -> 10010 11,88
10000 146,14 -> 10010 11,88
10000 147,12 -> 10010 11,88
10000 147,13 -> 10010 11,88
10000 147,14 -> 10010 11,88
10000 148,14 -> 10010 11,88
10000 148,15 -> 10010 11,88
10000 149,15 -> 10010 11,88
10000 149,16 -> 10010 11,88
10000 150,16 -> 10010 11,88
10000 150,17 -> 10010 11,88
10000 107,36 -> 10011 25,31
10000 108,35 -> 10011 25,31
10000 108,36 -> 10011 25,31
10000 36,139 -> 10012 98,13
10000 37,137 -> 10012 98,13
10000 37,138 -> 10012 98,13
10000 37,139 -> 10012 98,13
10000 37,140 -> 10012 98,13
10000 125,88 -> 10042 28,31
10042 28,31 -> 10000 125,88
10000 112,127 -> 10100 11,14
10000 112,128 -> 10100 11,14
10000 112,129 -> 10100 11,14
10000 112,130 -> 10100 11,14
10000 113,128 -> 10100 11,14
10000 113,129 -> 10100 11,14
10000 114,128 -> 10100 11,14
10000 28,33 -> 10300 79,103
10000 29,32 -> 10300 79,103
10000 29,33 -> 10300 79,103
10000 29,34 -> 10300 79,103
10001 20,38 -> 10000 137,54
10001 20,39 -> 10000 137,54
10001 21,39 -> 10000 137,54
10001 29,17 -> 10002 29,18
10001 29,18 -> 10002 29,18
10001 30,18 -> 10002 29,18
10002 29,17 -> 10001 29,18
10002 29,18 -> 10001 29,18
10002 30,18 -> 10001 29,18
10005 23,26 -> 10000 101,45
10005 24,25 -> 10000 101,45
10005 24,26 -> 10000 101,45
10005 25,25 -> 10000 101,45
10006 14,26 -> 10000 114,71
10006 15,26 -> 10000 114,71
10006 15,27 -> 10000 114,71
10007 24,26 -> 10000 119,61
10007 25,25 -> 10000 119,61
10007 25,26 -> 10000 119,61
10008 15,28 -> 10000 113,37
10008 15,29 -> 10000 113,37
10008 16,29 -> 10000 113,37
10008 16,30 -> 10000 113,37
10009 22,28 -> 10000 141,71
10009 23,27 -> 10000 141,71
10009 23,28 -> 10000 141,71
10009 24,27 -> 10000 141,71
10010 10,87 -> 10000 147,14
10010 11,87 -> 10000 147,14
10010 11,88 -> 10000 147,14
10010 12,88 -> 10000 147,14
10010 12,89 -> 10000 147,14
10011 25,30 -> 10000 108,35
10011 25,31 -> 10000 108,35
10011 26,30 -> 10000 108,35
10012 97,14 -> 10000 37,138
10012 97,15 -> 10000 37,138
10012 98,12 -> 10000 37,138
10012 98,13 -> 10000 37,138
10012 98,14 -> 10000 37,138
10012 98,15 -> 10000 37,138
10012 98,16 -> 10000 37,138
10100 11,12 -> 10000 112,130
10100 11,13 -> 10000 112,130
10100 11,14 -> 10000 112,130
10100 11,15 -> 10000 112,130
10100 11,16 -> 10000 112,130
10100 12,15 -> 10000 112,130
10100 61,80 -> 10101 11,12
10100 61,81 -> 10101 11,12
10100 61,82 -> 10101 11,12
10100 61,83 -> 10101 11,12
10100 61,84 -> 10101 11,12
10100 61,85 -> 10101 11,12
10100 61,86 -> 10101 11,12
10100 61,87 -> 10101 11,12
10101 10,15 -> 10100 61,83
10101 10,16 -> 10100 61,83
10101 10,17 -> 10100 61,83
10101 10,18 -> 10100 61,83
10101 11,12 -> 10100 61,83
10101 11,13 -> 10100 61,83
10101 11,14 -> 10100 61,83
10101 11,15 -> 10100 61,83
10101 12,12 -> 10100 61,83
10101 13,12 -> 10100 61,83
10101 71,12 -> 10102 8,17
10101 71,13 -> 10102 8,17
10101 71,14 -> 10102 8,17
10101 71,15 -> 10102 8,17
10101 71,16 -> 10102 8,17
10101 71,17 -> 10102 8,17
10101 71,18 -> 10102 8,17
10101 71,19 -> 10102 8,17
10101 71,20 -> 10102 8,17
10101 71,77 -> 10102 8,83
10101 71,78 -> 10102 8,83
10101 71,79 -> 10102 8,83
10101 71,80 -> 10102 8,83
10101 71,81 -> 10102 8,83
10101 71,82 -> 10102 8,83
10101 71,83 -> 10102 8,83
10101 71,84 -> 10102 8,83
10101 71,85 -> 10102 8,83
10101 71,86 -> 10102 8,83
10101 71,87 -> 10102 8,83
10101 71,88 -> 10102 8,83
10101 71,89 -> 10102 8,83
10101 71,90 -> 10102 8,83
10101 71,91 -> 10102 8,83
10102 8,12 -> 10101 71,15
10102 8,13 -> 10101 71,15
10102 8,14 -> 10101 71,15
10102 8,15 -> 10101 71,15
10102 8,16 -> 10101 71,15
10102 8,17 -> 10101 71,15
10102 8,18 -> 10101 71,15
10102 8,19 -> 10101 71,15
10102 8,20 -> 10101 71,15
10102 8,21 -> 10101 71,15
10102 8,79 -> 10101 71,83
10102 8,80 -> 10101 71,83
10102 8,81 -> 10101 71,83
10102 8,82 -> 10101 71,83
10102 8,83 -> 10101 71,83
10102 8,84 -> 10101 71,83
10102 8,85 -> 10101 71,83
10102 8,86 -> 10101 71,83
10102 8,87 -> 10101 71,83
10102 8,88 -> 10101 71,83
10102 26,62 -> 10200 13,20
10102 26,63 -> 10200 13,20
10102 26,64 -> 10200 13,20
10102 26,65 -> 10200 13,20
10300 8,12 -> 10301 78,80
10300 8,13 -> 10301 78,80
10300 8,14 -> 10301 78,80
10300 8,15 -> 10301 78,80
10300 8,16 -> 10301 78,80
10300 8,17 -> 10301 78,80
10300 8,18 -> 10301 78,80
10300 8,19 -> 10301 78,80
10300 9,12 -> 10301 78,80
10300 8,76 -> 10700 103,37
10300 8,77 -> 10700 103,37
10300 8,78 -> 10700 103,37
10300 8,79 -> 10700 103,37
10300 8,80 -> 10700 103,37
10300 8,81 -> 10700 103,37
10300 8,82 -> 10700 103,37
10300 8,83 -> 10700 103,37
10300 8,84 -> 10700 103,37
10300 8,85 -> 10700 103,37
10300 76,13 -> 10306 8,45
10300 76,14 -> 10306 8,45
10300 77,14 -> 10306 8,45
10300 77,15 -> 10306 8,45
10300 78,15 -> 10306 8,45
10300 78,16 -> 10306 8,45
10300 79,16 -> 10306 8,45
10300 79,17 -> 10306 8,45
10300 80,17 -> 10306 8,45
10300 80,18 -> 10306 8,45
10300 81,18 -> 10306 8,45
10300 81,19 -> 10306 8,45
10300 78,104 -> 10000 29,32
10300 79,103 -> 10000 29,32
10300 79,104 -> 10000 29,32
10300 79,105 -> 10000 29,32
10301 28,28 -> 10400 95,101
10301 28,29 -> 10400 95,101
10301 28,30 -> 10400 95,101
10301 71,12 -> 10304 8,45
10301 72,12 -> 10304 8,45
10301 73,12 -> 10304 8,45
10301 74,12 -> 10304 8,45
10301 74,13 -> 10304 8,45
10301 75,13 -> 10304 8,45
10301 75,14 -> 10304 8,45
10301 76,14 -> 10304 8,45
10301 76,15 -> 10304 8,45
10301 77,15 -> 10304 8,45
10301 77,16 -> 10304 8,45
10301 78,16 -> 10304 8,45
10301 76,88 -> 10300 8,16
10301 76,89 -> 10300 8,16
10301 77,87 -> 10300 8,16
10301 77,88 -> 10300 8,16
10301 78,76 -> 10300 8,16
10301 78,77 -> 10300 8,16
10301 78,78 -> 10300 8,16
10301 78,79 -> 10300 8,16
10301 78,80 -> 10300 8,16
10301 78,81 -> 10300 8,16
10301 78,82 -> 10300 8,16
10301 78,83 -> 10300 8,16
10301 78,84 -> 10300 8,16
10301 78,85 -> 10300 8,16
10301 78,86 -> 10300 8,16
10301 78,87 -> 10300 8,16
10304 8,41 -> 10301 75,13
10304 8,42 -> 10301 75,13
10304 8,43 -> 10301 75,13
10304 8,44 -> 10301 75,13
10304 8,45 -> 10301 75,13
10304 8,46 -> 10301 75,13
10304 8,47 -> 10301 75,13
10304 8,48 -> 10301 75,13
10304 8,49 -> 10301 75,13
10304 8,50 -> 10301 75,13
10304 8,51 -> 10301 75,13
10304 19,12 -> 10302 14,75
10304 20,12 -> 10302 14,75
10304 21,12 -> 10302 14,75
10304 22,12 -> 10302 14,75
10304 23,12 -> 10302 14,75
10304 24,12 -> 10302 14,75
10304 78,52 -> 10303 8,27
10304 78,53 -> 10303 8,27
10304 78,54 -> 10303 8,27
10304 78,55 -> 10303 8,27
10304 78,56 -> 10303 8,27
10304 78,57 -> 10303 8,27
10304 78,58 -> 10303 8,27
10304 78,59 -> 10303 8,27
10304 78,60 -> 10303 8,27
10304 78,61 -> 10303 8,27
10304 78,62 -> 10303 8,27
10304 78,63 -> 10303 8,27
10304 58,30 -> 10308 20,30
10304 58,31 -> 10308 20,30
10308 20,30 -> 10304 58,30
10306 8,41 -> 10300 78,16
10306 8,42 -> 10300 78,16
10306 8,43 -> 10300 78,16
10306 8,44 -> 10300 78,16
10306 8,45 -> 10300 78,16
10306 8,46 -> 10300 78,16
10306 8,47 -> 10300 78,16
10306 8,48 -> 10300 78,16
10306 8,49 -> 10300 78,16
10306 8,50 -> 10300 78,16
10306 8,51 -> 10300 78,16
10302 10,75 -> 10304 21,12
10302 11,75 -> 10304 21,12
10302 12,75 -> 10304 21,12
10302 13,75 -> 10304 21,12
10302 14,75 -> 10304 21,12
10302 15,75 -> 10304 21,12
10302 16,75 -> 10304 21,12
10302 17,75 -> 10304 21,12
10302 18,75 -> 10304 21,12
10302 58,59 -> 10500 11,92
10302 58,60 -> 10500 11,92
10302 58,61 -> 10500 11,92
10302 58,62 -> 10500 11,92
10303 8,20 -> 10304 78,57
10303 8,21 -> 10304 78,57
10303 8,22 -> 10304 78,57
10303 8,23 -> 10304 78,57
10303 8,24 -> 10304 78,57
10303 8,25 -> 10304 78,57
10303 8,26 -> 10304 78,57
10303 8,27 -> 10304 78,57
10303 8,28 -> 10304 78,57
10303 8,29 -> 10304 78,57
10303 8,30 -> 10304 78,57
10303 8,31 -> 10304 78,57
10303 8,32 -> 10304 78,57
10303 8,33 -> 10304 78,57
10303 8,34 -> 10304 78,57
10303 48,29 -> 10600 16,19
10303 48,30 -> 10600 16,19
10303 49,29 -> 10600 16,19
10303 49,30 -> 10600 16,19
10600 16,19 -> 10303 48,30
10600 16,75 -> 10601 12,15
10601 12,15 -> 10600 16,75
10601 52,61 -> 10602 60,40
10602 60,40 -> 10601 52,61
10400 13,18 -> 10401 85,157
10400 95,101 -> 10301 28,29
10401 24,144 -> 10402 86,78
10401 47,16 -> 10402 35,100
10401 85,157 -> 10400 13,18
10402 35,100 -> 10401 47,16
10402 84,47 -> 10403 12,108
10402 86,78 -> 10401 24,144
10403 12,108 -> 10402 84,47
10403 20,41 -> 10404 57,84
10403 52,107 -> 10405 87,173
10404 36,15 -> 10405 28,173
10404 57,84 -> 10403 20,41
10405 18,15 -> 10406 65,103
10405 28,173 -> 10404 36,15
10405 82,18 -> 10407 67,72
10405 87,173 -> 10403 52,107
10406 56,14 -> 10408 18,18
10406 65,103 -> 10405 18,15
10407 15,14 -> 10409 77,17
10407 67,72 -> 10405 82,18
10407 92,20 -> 10409 48,141
10408 18,18 -> 10406 56,14
10408 54,68 -> 10409 12,14
10408 69,20 -> 10410 66,85
10409 12,14 -> 10408 54,68
10409 48,141 -> 10407 92,20
10409 77,17 -> 10407 15,14
10410 49,13 -> 10411 11,28
10410 66,85 -> 10408 69,20
10411 11,28 -> 10410 49,13
10500 11,92 -> 10302 58,60
10500 50,100 -> 10501 50,28
10501 50,28 -> 10500 50,100
10501 82,62 -> 10504 71,15
10501 14,16 -> 10502 55,15
10502 55,15 -> 10501 14,16
10502 44,68 -> 10503 76,64
10503 76,64 -> 10502 44,68
10503 69,26 -> 10504 69,89
10504 69,89 -> 10503 69,26
10504 71,15 -> 10501 82,62
10504 16,17 -> 10505 26,15
10505 26,15 -> 10504 16,17
10800 28,40 -> 10801 75,15
10800 28,41 -> 10801 75,15
10800 75,97 -> 10706 16,107
10800 76,97 -> 10706 16,107
10801 75,15 -> 10800 28,41
10801 99,38 -> 10802 95,16
10802 11,13 -> 10803 8,47
10802 95,16 -> 10801 99,38
10803 8,47 -> 10802 11,13
10803 49,14 -> 10804 54,85
10804 43,17 -> 10805 49,22
10804 54,85 -> 10803 49,14
10805 49,22 -> 10804 43,17
10805 77,16 -> 10806 98,15
10806 98,15 -> 10805 77,16
10806 98,75 -> 10807 87,14
10807 13,15 -> 10808 95,15
10807 87,14 -> 10806 98,75
10808 95,15 -> 10807 13,15
10808 96,48 -> 10809 99,19
10809 10,20 -> 10810 16,22
10809 99,19 -> 10808 96,48
10810 16,22 -> 10809 10,20
10810 56,16 -> 10811 47,16
10811 47,16 -> 10810 56,16
10811 18,143 -> 10811 78,122
10811 78,122 -> 10811 18,143
10811 78,186 -> 10812 66,153
10811 79,185 -> 10812 66,153
10811 79,186 -> 10812 66,153
10811 80,184 -> 10812 66,153
10811 80,185 -> 10812 66,153
10811 81,184 -> 10812 66,153
10812 9,17 -> 10813 14,14
10812 10,16 -> 10813 14,14
10812 10,17 -> 10813 14,14
10812 11,15 -> 10813 14,14
10812 11,16 -> 10813 14,14
10812 12,15 -> 10813 14,14
10812 65,153 -> 10811 79,186
10812 66,152 -> 10811 79,186
10812 66,153 -> 10811 79,186
10812 67,151 -> 10811 79,186
10812 67,152 -> 10811 79,186
10813 13,14 -> 10812 11,15
10813 14,13 -> 10812 11,15
10813 14,14 -> 10812 11,15
10813 15,12 -> 10812 11,15
10813 15,13 -> 10812 11,15
10813 16,12 -> 10812 11,15
10813 76,21 -> 10814 11,39
10814 8,158 -> 10815 28,154
10814 9,158 -> 10815 28,154
10814 9,159 -> 10815 28,154
10814 10,159 -> 10815 28,154
10814 10,160 -> 10815 28,154
10814 11,39 -> 10813 76,21
10814 32,82 -> 10814 47,85
10814 47,85 -> 10814 32,82
10815 27,153 -> 10814 9,159
10815 28,153 -> 10814 9,159
10815 28,154 -> 10814 9,159
10815 29,154 -> 10814 9,159
10815 29,155 -> 10814 9,159
10815 30,155 -> 10814 9,159
10815 65,14 -> 10816 95,14
10815 66,14 -> 10816 95,14
10815 66,15 -> 10816 95,14
10815 67,15 -> 10816 95,14
10815 67,16 -> 10816 95,14
10816 12,13 -> 10817 74,23
10816 94,13 -> 10815 66,15
10816 95,13 -> 10815 66,15
10816 95,14 -> 10815 66,15
10816 96,14 -> 10815 66,15
10816 96,15 -> 10815 66,15
10816 97,15 -> 10815 66,15
10817 28,78 -> 10817 48,90
10817 48,90 -> 10817 28,78
10817 74,23 -> 10816 12,13
10817 73,137 -> 10818 16,177
10817 74,136 -> 10818 16,177
10817 74,137 -> 10818 16,177
10817 75,135 -> 10818 16,177
10817 75,136 -> 10818 16,177
10818 16,14 -> 10819 56,14
10818 16,15 -> 10819 56,14
10818 17,13 -> 10819 56,14
10818 17,14 -> 10819 56,14
10818 18,12 -> 10819 56,14
10818 18,13 -> 10819 56,14
10818 15,176 -> 10817 74,137
10818 16,176 -> 10817 74,137
10818 16,177 -> 10817 74,137
10818 17,177 -> 10817 74,137
10818 17,178 -> 10817 74,137
10819 55,13 -> 10818 17,13
10819 56,13 -> 10818 17,13
10819 56,14 -> 10818 17,13
10819 57,14 -> 10818 17,13
10819 57,15 -> 10818 17,13
10819 58,15 -> 10818 17,13
10819 93,162 -> 10820 10,17
10820 10,17 -> 10819 93,162
10200 13,20 -> 10102 26,63
10200 75,116 -> 10201 9,15
10200 75,117 -> 10201 9,15
10201 9,15 -> 10200 75,116
10201 9,16 -> 10200 75,116
10201 80,88 -> 10202 10,18
10201 80,89 -> 10202 10,18
10201 80,90 -> 10202 10,18
10201 80,91 -> 10202 10,18
10201 80,92 -> 10202 10,18
10201 81,85 -> 10202 10,18
10201 81,86 -> 10202 10,18
10201 81,87 -> 10202 10,18
10201 81,88 -> 10202 10,18
10202 9,19 -> 10201 80,92
10202 9,20 -> 10201 80,92
10202 10,15 -> 10201 80,92
10202 10,16 -> 10201 80,92
10202 10,17 -> 10201 80,92
10202 10,18 -> 10201 80,92
10202 10,19 -> 10201 80,92
10202 11,12 -> 10201 80,92
10202 11,13 -> 10201 80,92
10202 11,14 -> 10201 80,92
10202 11,15 -> 10201 80,92
10202 12,12 -> 10201 80,92
10202 59,105 -> 10204 60,111
10202 59,106 -> 10204 60,111
10202 59,107 -> 10204 60,111
10202 60,104 -> 10204 60,111
10202 60,105 -> 10204 60,111
10202 61,101 -> 10204 60,111
10202 61,102 -> 10204 60,111
10202 61,103 -> 10204 60,111
10202 61,104 -> 10204 60,111
10202 61,12 -> 10203 10,26
10202 61,13 -> 10203 10,26
10202 61,14 -> 10203 10,26
10202 61,15 -> 10203 10,26
10202 61,16 -> 10203 10,26
10202 61,17 -> 10203 10,26
10202 61,18 -> 10203 10,26
10202 61,19 -> 10203 10,26
10203 9,27 -> 10202 61,15
10203 10,26 -> 10202 61,15
10203 10,27 -> 10202 61,15
10203 15,18 -> 10204 15,78
10203 16,17 -> 10204 15,78
10203 16,18 -> 10204 15,78
10204 15,78 -> 10203 16,17
10204 15,79 -> 10203 16,17
10204 36,43 -> 10209 33,40
10204 36,44 -> 10209 33,40
10204 37,44 -> 10209 33,40
10204 57,112 -> 10202 60,105
10204 58,112 -> 10202 60,105
10204 59,111 -> 10202 60,105
10204 59,112 -> 10202 60,105
10204 60,109 -> 10202 60,105
10204 60,110 -> 10202 60,105
10204 60,111 -> 10202 60,105
10204 62,108 -> 10202 60,105
10204 63,108 -> 10202 60,105
10204 64,106 -> 10202 60,105
10204 64,107 -> 10202 60,105
10204 64,108 -> 10202 60,105
10204 61,12 -> 10205 35,96
10204 61,13 -> 10205 35,96
10204 61,14 -> 10205 35,96
10204 62,14 -> 10205 35,96
10204 62,15 -> 10205 35,96
10204 62,16 -> 10205 35,96
10204 62,17 -> 10205 35,96
10204 63,17 -> 10205 35,96
10204 63,18 -> 10205 35,96
10204 64,18 -> 10205 35,96
10205 8,17 -> 10206 11,15
10205 9,16 -> 10206 11,15
10205 9,17 -> 10206 11,15
10205 10,15 -> 10206 11,15
10205 10,16 -> 10206 11,15
10205 11,14 -> 10206 11,15
10205 11,15 -> 10206 11,15
10205 12,13 -> 10206 11,15
10205 12,14 -> 10206 11,15
10205 13,12 -> 10206 11,15
10205 13,13 -> 10206 11,15
10205 14,12 -> 10206 11,15
10205 15,12 -> 10206 11,15
10205 32,96 -> 10204 62,16
10205 33,96 -> 10204 62,16
10205 34,96 -> 10204 62,16
10205 35,96 -> 10204 62,16
10205 36,96 -> 10204 62,16
10205 37,96 -> 10204 62,16
10205 38,96 -> 10204 62,16
10206 10,15 -> 10205 12,14
10206 10,16 -> 10205 12,14
10206 11,13 -> 10205 12,14
10206 11,14 -> 10205 12,14
10206 11,15 -> 10205 12,14
10206 12,12 -> 10205 12,14
10206 12,13 -> 10205 12,14
10206 13,12 -> 10205 12,14
10206 14,12 -> 10205 12,14
10206 68,12 -> 10207 75,15
10206 69,12 -> 10207 75,15
10206 70,12 -> 10207 75,15
10206 70,13 -> 10207 75,15
10206 71,13 -> 10207 75,15
10206 71,14 -> 10207 75,15
10206 71,15 -> 10207 75,15
10206 71,16 -> 10207 75,15
10207 8,13 -> 10208 12,12
10207 8,14 -> 10208 12,12
10207 8,15 -> 10208 12,12
10207 9,12 -> 10208 12,12
10207 9,13 -> 10208 12,12
10207 10,12 -> 10208 12,12
10207 11,12 -> 10208 12,12
10207 74,12 -> 10206 71,13
10207 75,12 -> 10206 71,13
10207 75,13 -> 10206 71,13
10207 75,14 -> 10206 71,13
10207 75,15 -> 10206 71,13
10207 76,15 -> 10206 71,13
10207 76,16 -> 10206 71,13
10207 76,17 -> 10206 71,13
10207 71,127 -> 10209 8,121
10207 72,127 -> 10209 8,121
10207 73,127 -> 10209 8,121
10207 74,127 -> 10209 8,121
10207 75,127 -> 10209 8,121
10207 76,126 -> 10209 8,121
10207 76,127 -> 10209 8,121
10208 11,13 -> 10207 9,12
10208 11,14 -> 10207 9,12
10208 12,12 -> 10207 9,12
10208 12,13 -> 10207 9,12
10208 27,13 -> 10209 9,12
10208 28,13 -> 10209 9,12
10208 28,14 -> 10209 9,12
10209 8,12 -> 10208 28,13
10209 8,13 -> 10208 28,13
10209 8,14 -> 10208 28,13
10209 8,15 -> 10208 28,13
10209 8,16 -> 10208 28,13
10209 9,12 -> 10208 28,13
10209 10,12 -> 10208 28,13
10209 11,12 -> 10208 28,13
10209 8,119 -> 10207 74,127
10209 8,120 -> 10207 74,127
10209 8,121 -> 10207 74,127
10209 12,122 -> 10207 74,127
10209 13,122 -> 10207 74,127
10209 33,39 -> 10204 36,44
10209 33,40 -> 10204 36,44
10209 34,40 -> 10204 36,44
10209 45,82 -> 10210 10,85
10209 45,83 -> 10210 10,85
10209 46,83 -> 10210 10,85
10209 71,66 -> 10211 11,69
10209 71,67 -> 10211 11,69
10209 71,68 -> 10211 11,69
10209 71,69 -> 10211 11,69
10209 71,70 -> 10211 11,69
10210 8,84 -> 10209 45,83
10210 9,84 -> 10209 45,83
10210 9,85 -> 10209 45,83
10210 10,85 -> 10209 45,83
10210 10,86 -> 10209 45,83
10210 11,86 -> 10209 45,83
10210 65,18 -> 10213 49,49
10210 66,18 -> 10213 49,49
10210 67,18 -> 10213 49,49
10210 67,19 -> 10213 49,49
10210 68,19 -> 10213 49,49
10210 68,20 -> 10213 49,49
10210 68,21 -> 10213 49,49
10210 68,22 -> 10213 49,49
10211 8,68 -> 10209 71,68
10211 9,68 -> 10209 71,68
10211 9,69 -> 10209 71,68
10211 10,69 -> 10209 71,68
10211 11,69 -> 10209 71,68
10211 11,70 -> 10209 71,68
10211 12,70 -> 10209 71,68
10211 13,70 -> 10209 71,68
10211 14,70 -> 10209 71,68
10211 15,70 -> 10209 71,68
10213 49,49 -> 10210 68,19
10213 49,50 -> 10210 68,19
10213 66,12 -> 10214 37,19
10213 67,12 -> 10214 37,19
10213 67,13 -> 10214 37,19
10213 71,14 -> 10214 37,19
10213 71,15 -> 10214 37,19
10214 37,19 -> 10213 67,13
10214 37,20 -> 10213 67,13
10214 57,76 -> 10215 61,96
10214 57,77 -> 10215 61,96
10215 8,15 -> 10216 27,12
10215 8,16 -> 10216 27,12
10215 9,15 -> 10216 27,12
10215 61,95 -> 10214 57,77
10215 61,96 -> 10214 57,77
10216 26,13 -> 10215 8,16
10216 27,12 -> 10215 8,16
10216 27,13 -> 10215 8,16
10700 8,15 -> 10701 101,17
10700 9,14 -> 10701 101,17
10700 9,15 -> 10701 101,17
10700 10,13 -> 10701 101,17
10700 10,14 -> 10701 101,17
10700 105,29 -> 10300 8,81
10700 105,30 -> 10300 8,81
10700 105,31 -> 10300 8,81
10700 106,31 -> 10300 8,81
10700 106,32 -> 10300 8,81
10700 106,33 -> 10300 8,81
10700 107,33 -> 10300 8,81
10700 107,34 -> 10300 8,81
10700 107,35 -> 10300 8,81
10700 108,35 -> 10300 8,81
10700 108,36 -> 10300 8,81
10700 108,37 -> 10300 8,81
10701 102,13 -> 10700 13,9
10701 102,14 -> 10700 13,9
10701 103,14 -> 10700 13,9
10701 103,15 -> 10700 13,9
10701 103,16 -> 10700 13,9
10701 104,16 -> 10700 13,9
10701 104,17 -> 10700 13,9
10701 104,18 -> 10700 13,9
10701 104,19 -> 10700 13,9
10701 106,121 -> 10703 28,15
10701 106,122 -> 10703 28,15
10701 107,120 -> 10703 28,15
10701 107,121 -> 10703 28,15
10701 108,119 -> 10703 28,15
10701 108,120 -> 10703 28,15
10701 8,21 -> 10702 83,22
10701 8,22 -> 10702 83,22
10701 8,23 -> 10702 83,22
10701 9,19 -> 10702 83,22
10701 9,20 -> 10702 83,22
10701 9,21 -> 10702 83,22
10701 10,17 -> 10702 83,22
10701 10,18 -> 10702 83,22
10701 10,19 -> 10702 83,22
10701 9,121 -> 10705 99,32
10701 9,122 -> 10705 99,32
10701 9,123 -> 10705 99,32
10701 10,123 -> 10705 99,32
10701 10,124 -> 10705 99,32
10701 10,125 -> 10705 99,32
10702 20,116 -> 10705 10,26
10702 20,117 -> 10705 10,26
10702 21,117 -> 10705 10,26
10702 21,118 -> 10705 10,26
10702 22,118 -> 10705 10,26
10702 22,119 -> 10705 10,26
10702 23,119 -> 10705 10,26
10702 23,120 -> 10705 10,26
10702 24,120 -> 10705 10,26
10702 24,121 -> 10705 10,26
10702 25,121 -> 10705 10,26
10702 25,122 -> 10705 10,26
10702 83,15 -> 10701 9,23
10702 83,16 -> 10701 9,23
10702 84,16 -> 10701 9,23
10702 84,17 -> 10701 9,23
10702 84,18 -> 10701 9,23
10702 84,19 -> 10701 9,23
10702 85,19 -> 10701 9,23
10702 85,20 -> 10701 9,23
10702 85,21 -> 10701 9,23
10702 85,22 -> 10701 9,23
10702 86,22 -> 10701 9,23
10702 86,23 -> 10701 9,23
10703 8,78 -> 10704 88,70
10703 8,79 -> 10704 88,70
10703 8,80 -> 10704 88,70
10703 9,76 -> 10704 88,70
10703 9,77 -> 10704 88,70
10703 9,78 -> 10704 88,70
10703 10,73 -> 10704 88,70
10703 10,74 -> 10704 88,70
10703 10,75 -> 10704 88,70
10703 10,76 -> 10704 88,70
10703 9,44 -> 10704 87,31
10703 9,45 -> 10704 87,31
10703 9,46 -> 10704 87,31
10703 10,41 -> 10704 87,31
10703 10,42 -> 10704 87,31
10703 10,43 -> 10704 87,31
10703 10,44 -> 10704 87,31
10703 11,38 -> 10704 87,31
10703 11,39 -> 10704 87,31
10703 11,40 -> 10704 87,31
10703 11,41 -> 10704 87,31
10703 24,18 -> 10701 106,120
10703 24,19 -> 10701 106,120
10703 24,20 -> 10701 106,120
10703 25,16 -> 10701 106,120
10703 25,17 -> 10701 106,120
10703 25,18 -> 10701 106,120
10703 26,14 -> 10701 106,120
10703 26,15 -> 10701 106,120
10703 26,16 -> 10701 106,120
10703 27,12 -> 10701 106,120
10703 27,13 -> 10701 106,120
10703 27,14 -> 10701 106,120
10704 88,113 -> 10706 88,20
10704 89,112 -> 10706 88,20
10704 89,113 -> 10706 88,20
10704 90,111 -> 10706 88,20
10704 90,112 -> 10706 88,20
10704 91,110 -> 10706 88,20
10704 91,111 -> 10706 88,20
10704 92,109 -> 10706 88,20
10704 92,110 -> 10706 88,20
10704 93,31 -> 10703 13,45
10704 93,32 -> 10703 13,45
10704 93,33 -> 10703 13,45
10704 93,34 -> 10703 13,45
10704 93,35 -> 10703 13,45
10704 93,36 -> 10703 13,45
10704 93,37 -> 10703 13,45
10704 93,38 -> 10703 13,45
10704 93,39 -> 10703 13,45
10704 93,40 -> 10703 13,45
10704 92,67 -> 10703 9,76
10704 92,68 -> 10703 9,76
10704 92,69 -> 10703 9,76
10704 92,70 -> 10703 9,76
10704 93,70 -> 10703 9,76
10704 93,71 -> 10703 9,76
10704 93,72 -> 10703 9,76
10704 93,73 -> 10703 9,76
10704 8,106 -> 10707 89,14
10704 8,107 -> 10707 89,14
10704 9,107 -> 10707 89,14
10704 9,108 -> 10707 89,14
10704 10,108 -> 10707 89,14
10704 10,109 -> 10707 89,14
10704 11,109 -> 10707 89,14
10704 11,110 -> 10707 89,14
10704 32,112 -> 10706 80,95
10704 33,112 -> 10706 80,95
10705 14,122 -> 10707 16,18
10705 14,123 -> 10707 16,18
10705 15,123 -> 10707 16,18
10705 16,123 -> 10707 16,18
10705 16,124 -> 10707 16,18
10705 17,124 -> 10707 16,18
10705 99,28 -> 10701 11,121
10705 99,29 -> 10701 11,121
10705 99,30 -> 10701 11,121
10705 99,31 -> 10701 11,121
10705 99,32 -> 10701 11,121
10705 99,33 -> 10701 11,121
10705 100,33 -> 10701 11,121
10705 100,34 -> 10701 11,121
10705 100,35 -> 10701 11,121
10705 100,36 -> 10701 11,121
10705 100,37 -> 10701 11,121
10705 100,38 -> 10701 11,121
10705 101,38 -> 10701 11,121
10705 101,39 -> 10701 11,121
10705 101,40 -> 10701 11,121
10705 101,41 -> 10701 11,121
10705 101,42 -> 10701 11,121
10705 98,70 -> 10703 76,85
10705 99,70 -> 10703 76,85
10705 8,26 -> 10702 23,117
10705 9,25 -> 10702 23,117
10705 9,26 -> 10702 23,117
10705 10,24 -> 10702 23,117
10705 10,25 -> 10702 23,117
10705 11,23 -> 10702 23,117
10705 11,24 -> 10702 23,117
10705 12,22 -> 10702 23,117
10705 12,23 -> 10702 23,117
10705 13,22 -> 10702 23,117
10706 16,107 -> 10800 73,77
10706 17,107 -> 10800 73,77
10706 86,14 -> 10704 88,109
10706 87,14 -> 10704 88,109
10706 88,14 -> 10704 88,109
10706 89,14 -> 10704 88,109
10706 90,14 -> 10704 88,109
10706 81,97 -> 10704 34,110
10706 82,97 -> 10704 34,110
10706 57,98 -> 10707 42,47
10706 58,98 -> 10707 42,47
10707 11,16 -> 10705 18,118
10707 11,17 -> 10705 18,118
10707 12,16 -> 10705 18,118
10707 13,15 -> 10705 18,118
10707 13,16 -> 10705 18,118
10707 14,15 -> 10705 18,118
10707 15,14 -> 10705 18,118
10707 15,15 -> 10705 18,118
10707 16,14 -> 10705 18,118
10707 17,14 -> 10705 18,118
10707 43,49 -> 10706 55,96
10707 44,49 -> 10706 55,96
10707 86,12 -> 10704 13,105
10707 87,12 -> 10704 13,105
10707 87,13 -> 10704 13,105
10707 88,13 -> 10704 13,105
10707 88,14 -> 10704 13,105
10707 89,14 -> 10704 13,105
10707 89,15 -> 10704 13,105
10707 90,15 -> 10704 13,105
10707 90,16 -> 10704 13,105
10707 91,16 -> 10704 13,105